Depth (mbsf)	Density(g/cc)	Vp(m/s)	Vs(m/s)
555.00	1.8660	2236.90	883.81
554.85	1.8990	2236.90	883.81
554.70	1.9300	2236.90	883.81
554.55	1.9190	2236.90	883.81
554.40	1.8990	2236.90	883.81
554.25	1.8870	2236.90	883.81
554.10	1.9050	2236.90	883.81
553.95	1.9240	2236.90	883.81
553.80	1.9060	2236.90	883.81
553.65	1.8760	2236.90	883.81
553.50	1.8550	2236.90	883.81
553.35	1.8570	2236.90	883.81
553.20	1.8780	2236.90	883.81
553.05	1.8870	2236.90	883.81
552.90	1.8790	2236.90	883.81
552.75	1.8630	2236.90	883.81
552.60	1.8830	2236.90	883.81
552.45	1.9120	2236.90	883.81
552.30	1.9290	2236.90	883.81
552.15	1.9190	2236.90	883.81
552.00	1.9260	2236.90	883.81
551.85	1.9540	2236.90	883.81
551.70	1.9700	2236.90	883.81
551.55	1.9680	2236.90	883.81
551.40	1.9310	2236.90	883.81
551.25	1.9060	2236.90	883.81
551.10	1.8850	2236.90	883.81
550.95	1.8710	2236.90	883.81
550.80	1.8560	2236.90	883.81
550.65	1.8430	2236.90	883.81
550.50	1.8540	2236.90	883.81
550.35	1.8760	2236.90	883.81
550.20	1.9030	2236.90	883.81
550.05	1.9000	2236.90	883.81
549.90	1.8970	2236.90	883.81
549.75	1.9170	2236.90	883.81
549.60	1.9380	2236.90	883.81
549.45	1.9610	2236.90	883.81
549.30	1.9620	2236.90	883.81
549.15	1.9630	2236.90	883.81
549.00	1.9660	2236.90	883.81
548.85	1.9920	2236.90	883.81
548.70	2.0060	2236.90	883.81
548.55	2.0070	2236.90	883.81
548.40	1.9880	2236.90	883.81
548.25	1.9850	2236.90	883.81
548.10	1.9940	2238.71	878.82
547.95	2.0030	2239.69	875.99
547.80	2.0070	2236.41	878.54
547.65	1.9950	2233.62	872.30
547.50	1.9800	2233.46	865.10
547.35	1.9780	2233.29	869.84
547.20	1.9930	2208.22	825.12
547.05	2.0150	2185.26	807.74
546.90	2.0240	2184.95	836.88
546.75	2.0140	2178.54	841.73
546.60	2.0010	2161.70	845.35
546.45	1.9910	2129.98	819.88
546.30	1.9860	2104.68	785.73
546.15	1.9820	2107.74	786.74
546.00	1.9780	2134.15	793.98
545.85	1.9770	2151.18	793.65
545.70	1.9750	2119.17	838.19
545.55	1.9690	2129.38	860.34
545.40	1.9680	2185.42	838.31
545.25	1.9830	2182.91	857.22
545.10	2.0110	2193.12	859.95
544.95	2.0310	2181.19	869.47
544.80	2.0330	2170.79	823.21
544.65	2.0170	2145.87	792.02
544.50	1.9910	2154.52	832.08
544.35	1.9740	2137.90	823.92
544.20	1.9620	2132.51	822.67
544.05	1.9830	2128.49	813.54
543.90	1.9980	2112.71	809.82
543.75	2.0180	2120.35	787.64
543.60	2.0010	2120.94	817.66
543.45	1.9810	2122.27	816.46
543.30	1.9660	2133.11	803.16
543.15	1.9690	2145.87	829.23
543.00	1.9700	2146.78	827.95
542.85	1.9690	2146.63	821.16
542.70	1.9620	2120.94	803.95
542.55	1.9650	2111.97	798.20
542.40	1.9620	2117.70	804.43
542.25	1.9660	2116.96	821.23
542.10	1.9700	2130.13	828.19
541.95	1.9790	2132.96	828.04
541.80	1.9780	2153.76	830.63
541.65	1.9760	2145.87	855.36
541.50	1.9660	2154.37	859.22
541.35	1.9530	2113.29	845.28
541.20	1.9350	2101.20	811.16
541.05	1.9170	2098.31	801.60
540.90	1.9030	2078.84	794.87
540.75	1.8990	2076.01	797.05
540.60	1.9010	2084.67	809.39
540.45	1.9130	2088.67	814.45
540.30	1.9340	2090.10	788.49
540.15	1.9560	2070.93	772.33
540.00	1.9670	2072.91	775.77
539.85	1.9580	2075.73	778.13
539.70	1.9430	2075.87	779.86
539.55	1.9330	2068.68	777.79
539.40	1.9300	2068.54	773.82
539.25	1.9360	2072.20	769.00
539.10	1.9400	2077.00	772.55
538.95	1.9470	2079.69	771.51
538.80	1.9450	2081.97	779.22
538.65	1.9390	2082.54	785.85
538.50	1.9310	2083.53	800.38
538.35	1.9330	2091.54	807.35
538.20	1.9470	2097.15	807.01
538.05	1.9550	2097.30	812.35
537.90	1.9450	2092.54	802.80
537.75	1.9250	2090.68	790.13
537.60	1.9120	2093.41	787.92
537.45	1.9150	2098.02	787.60
537.30	1.9280	2101.92	788.80
537.15	1.9460	2125.08	796.49
537.00	1.9690	2163.85	818.28
536.85	1.9940	2170.48	824.63
536.70	2.0070	2167.85	799.77
536.55	2.0020	2159.71	800.55
536.40	1.9890	2136.55	823.29
536.25	1.9740	2136.85	821.78
536.10	1.9680	2150.72	825.70
535.95	1.9620	2177.30	833.45
535.80	1.9590	2173.88	823.78
535.65	1.9550	2171.71	837.45
535.50	1.9610	2169.24	887.88
535.35	1.9740	2179.32	870.76
535.20	1.9810	2214.96	875.36
535.05	1.9740	2169.40	884.27
534.90	1.9660	2161.55	847.44
534.75	1.9630	2164.31	825.03
534.60	1.9570	2164.93	823.67
534.45	1.9400	2166.62	821.45
534.30	1.9230	2145.57	816.90
534.15	1.9190	2168.78	842.08
534.00	1.9330	2169.40	843.71
533.85	1.9600	2172.33	855.22
533.70	1.9660	2193.28	868.03
533.55	1.9690	2193.28	841.94
533.40	1.9600	2181.66	878.64
533.25	1.9750	2206.46	888.37
533.10	1.9820	2206.78	886.97
532.95	1.9860	2194.07	881.84
532.80	1.9870	2255.27	902.12
532.65	1.9900	2290.70	923.24
532.50	1.9960	2290.18	889.51
532.35	1.9960	2290.18	923.64
532.20	1.9990	2285.37	953.75
532.05	2.0060	2332.95	952.65
531.90	2.0060	2341.19	972.22
531.75	2.0140	2336.89	968.20
531.60	2.0400	2346.96	956.90
531.45	2.0870	2359.13	969.34
531.30	2.1130	2350.22	946.73
531.15	2.1040	2379.21	981.61
531.00	2.0770	2436.65	1016.85
530.85	2.0720	2442.90	1021.11
530.70	2.0800	2441.72	1022.99
530.55	2.1010	2438.20	996.50
530.40	2.0860	2387.03	970.11
530.25	2.0690	2369.22	964.47
530.10	2.0650	2345.34	965.38
529.95	2.0860	2318.58	985.96
529.80	2.1020	2336.71	990.22
529.65	2.0970	2329.56	970.08
529.50	2.0760	2320.87	961.15
529.35	2.0640	2257.44	945.53
529.20	2.0630	2221.41	877.25
529.05	2.0610	2207.74	862.89
528.90	2.0440	2202.31	842.94
528.75	2.0200	2204.86	805.86
528.60	2.0040	2159.56	771.00
528.45	1.9920	2111.83	752.72
528.30	1.9690	2109.05	750.00
528.15	1.9370	2101.20	751.76
528.00	1.9140	2086.81	754.79
527.85	1.9160	2084.53	739.05
527.70	1.9350	2085.24	726.56
527.55	1.9530	2093.41	734.09
527.40	1.9560	2093.26	739.41
527.25	1.9360	2055.02	716.27
527.10	1.9090	2010.95	677.02
526.95	1.8820	2024.17	671.45
526.80	1.8660	2042.35	658.12
526.65	1.8450	2024.71	624.71
526.50	1.8060	2007.38	640.70
526.35	1.7770	1968.99	626.01
526.20	1.7530	1913.49	577.85
526.05	1.7310	1910.37	584.66
525.90	1.7140	1903.81	605.40
525.75	1.7050	1905.83	612.54
525.60	1.7190	1911.33	619.30
525.45	1.7310	1939.55	633.56
525.30	1.7480	1947.48	624.60
525.15	1.7540	1952.09	630.78
525.00	1.7600	1962.40	652.40
524.85	1.7720	1964.04	691.36
524.70	1.8010	1965.31	700.26
524.55	1.8320	1983.99	700.98
524.40	1.8480	1993.85	718.44
524.25	1.8560	1993.46	723.03
524.10	1.8360	1986.19	685.79
523.95	1.8150	1981.28	685.19
523.80	1.7890	1970.90	692.81
523.65	1.7870	1967.34	655.62
523.50	1.7890	1969.37	682.63
523.35	1.7950	1967.85	680.77
523.20	1.7950	1951.59	662.94
523.05	1.7860	1951.59	666.58
522.90	1.7840	1952.72	662.45
522.75	1.7950	1948.72	651.91
522.60	1.8040	1944.00	644.57
522.45	1.8040	1948.10	637.30
522.30	1.7950	1943.51	621.01
522.15	1.7730	1914.21	634.67
522.00	1.7480	1924.00	617.90
521.85	1.7330	1911.93	641.13
521.70	1.7450	1924.97	650.05
521.55	1.7680	1927.89	650.61
521.40	1.7950	1936.71	656.77
521.25	1.8210	1943.13	677.18
521.10	1.8380	1953.09	680.19
520.95	1.8300	1935.36	656.23
520.80	1.7890	1924.85	640.61
520.65	1.7400	1899.89	622.17
520.50	1.7070	1890.82	614.57
520.35	1.6980	1890.12	616.92
520.20	1.7040	1885.09	626.90
520.05	1.7150	1884.16	631.42
519.90	1.7150	1883.34	634.33
519.75	1.7080	1878.93	625.73
519.60	1.6970	1876.15	619.44
519.45	1.6930	1875.58	619.27
519.30	1.7000	1875.58	618.96
519.15	1.7080	1874.65	614.31
519.00	1.7140	1872.58	606.02
518.85	1.7130	1871.55	601.43
518.70	1.7010	1871.66	600.99
518.55	1.6710	1859.67	597.61
518.40	1.6300	1841.02	576.21
518.25	1.6010	1833.82	558.14
518.10	1.5970	1831.95	572.35
517.95	1.6180	1842.58	606.43
517.80	1.6450	1860.35	628.74
517.65	1.6730	1861.37	628.79
517.50	1.6870	1860.58	621.08
517.35	1.6790	1856.61	602.54
517.20	1.6540	1853.90	594.06
517.05	1.6320	1852.66	596.73
516.90	1.6290	1847.72	587.02
516.75	1.6430	1843.47	587.76
516.60	1.6650	1851.54	608.91
516.45	1.6900	1860.35	617.24
516.30	1.7050	1866.27	622.17
516.15	1.7140	1879.97	635.28
516.00	1.7050	1885.44	630.81
515.85	1.6980	1885.44	631.57
515.70	1.6900	1887.42	641.00
515.55	1.7030	1897.53	660.67
515.40	1.7130	1897.41	660.60
515.25	1.7250	1902.03	662.02
515.10	1.7350	1928.99	670.39
514.95	1.7490	1929.60	663.39
514.80	1.7590	1932.05	662.19
514.65	1.7620	1930.58	687.82
514.50	1.7440	1914.09	618.09
514.35	1.7150	1905.83	614.52
514.20	1.6620	1890.23	581.22
514.05	1.6300	1842.81	577.61
513.90	1.5990	1842.81	577.31
513.75	1.5930	1842.58	566.56
513.60	1.5900	1820.79	552.23
513.45	1.5910	1813.75	542.37
513.30	1.5950	1820.03	557.04
513.15	1.5890	1809.12	552.67
513.00	1.5900	1802.91	530.24
512.85	1.5800	1802.48	527.95
512.70	1.5710	1802.16	527.89
512.55	1.5580	1794.00	526.32
512.40	1.5500	1791.89	526.65
512.25	1.5480	1791.89	525.75
512.10	1.5480	1792.41	549.01
511.95	1.5470	1799.82	579.99
511.80	1.5560	1809.87	588.78
511.65	1.5750	1823.95	606.81
511.50	1.6000	1829.86	618.63
511.35	1.6210	1830.63	622.60
511.20	1.6330	1830.63	607.53
511.05	1.6410	1833.60	579.38
510.90	1.6390	1832.94	570.90
510.75	1.6270	1833.27	573.39
510.60	1.6100	1830.85	575.32
510.45	1.5930	1822.42	568.08
510.30	1.5800	1818.72	563.96
510.15	1.5720	1818.62	564.06
510.00	1.5720	1817.86	564.19
509.85	1.5730	1809.44	579.04
509.70	1.5760	1807.51	588.34
509.55	1.5820	1808.69	579.97
509.40	1.5940	1806.01	581.14
509.25	1.6100	1816.45	624.27
509.10	1.6270	1838.69	650.70
508.95	1.6480	1845.04	628.13
508.80	1.6780	1870.86	651.25
508.65	1.7140	1909.77	698.07
508.50	1.7460	1902.15	703.02
508.35	1.7640	1900.49	697.83
508.20	1.7540	1906.19	671.87
508.05	1.7310	1889.18	632.79
507.90	1.7060	1892.34	619.31
507.75	1.6910	1894.23	624.12
507.60	1.6800	1884.16	612.85
507.45	1.6720	1878.35	612.21
507.30	1.6680	1871.55	611.34
507.15	1.6760	1857.06	612.26
507.00	1.6780	1856.95	617.58
506.85	1.6790	1857.18	618.86
506.70	1.6850	1857.86	628.97
506.55	1.7070	1864.33	636.09
506.40	1.7310	1893.17	646.45
506.25	1.7500	1914.69	674.58
506.10	1.7640	1890.00	678.07
505.95	1.7780	1893.05	674.10
505.80	1.7870	1924.61	644.89
505.65	1.7860	1923.76	645.22
505.50	1.7720	1927.04	662.97
505.35	1.7520	1926.68	646.80
505.20	1.7240	1918.55	643.00
505.05	1.7170	1915.78	643.36
504.90	1.7160	1916.86	648.90
504.75	1.7380	1916.86	647.53
504.60	1.7550	1894.34	670.63
504.45	1.7640	1893.76	653.22
504.30	1.7520	1880.32	644.13
504.15	1.7360	1871.66	607.34
504.00	1.7000	1877.77	631.33
503.85	1.6730	1889.53	611.19
503.70	1.6500	1844.48	598.33
503.55	1.6530	1850.30	598.03
503.40	1.6640	1841.02	593.05
503.25	1.6850	1839.69	602.30
503.10	1.7210	1867.30	614.85
502.95	1.7510	1871.20	616.31
502.80	1.7750	1891.05	626.98
502.65	1.7750	1913.49	632.58
502.50	1.7750	1917.83	633.86
502.35	1.7530	1917.83	630.99
502.20	1.7240	1895.40	605.41
502.05	1.6850	1880.55	596.34
501.90	1.6710	1877.89	595.46
501.75	1.6800	1877.08	591.45
501.60	1.7150	1871.09	602.28
501.45	1.7500	1885.91	625.59
501.30	1.7840	1893.87	647.88
501.15	1.8100	1893.40	653.82
501.00	1.8140	1909.18	652.69
500.85	1.7890	1898.59	658.96
500.70	1.7530	1888.24	648.55
500.55	1.7380	1889.76	652.16
500.40	1.7540	1890.00	647.81
500.25	1.7860	1914.33	651.80
500.10	1.8120	1934.75	660.76
499.95	1.8170	1934.75	655.41
499.80	1.8060	1935.98	654.40
499.65	1.7900	1937.58	656.26
499.50	1.7810	1936.96	655.39
499.35	1.7820	1935.36	654.85
499.20	1.7890	1935.36	659.74
499.05	1.8040	1937.58	662.90
498.90	1.8150	1936.84	646.86
498.75	1.8050	1912.29	631.19
498.60	1.7750	1880.67	630.19
498.45	1.7440	1879.63	627.39
498.30	1.7260	1879.16	624.72
498.15	1.7230	1880.78	627.55
498.00	1.7310	1881.13	628.23
497.85	1.7500	1895.52	633.40
497.70	1.7700	1923.39	645.17
497.55	1.7850	1924.49	646.23
497.40	1.7860	1926.92	644.41
497.25	1.7780	1915.17	640.48
497.10	1.7710	1890.47	640.65
496.95	1.7690	1899.78	642.04
496.80	1.7660	1940.17	652.76
496.65	1.7780	1939.92	680.86
496.50	1.7970	1940.78	678.78
496.35	1.8220	1945.86	682.46
496.20	1.8380	1945.49	684.02
496.05	1.8370	1945.49	678.60
495.90	1.8200	1943.88	641.28
495.75	1.7760	1923.51	596.66
495.60	1.7250	1885.79	584.23
495.45	1.6810	1882.18	584.22
495.30	1.6630	1837.47	581.08
495.15	1.6720	1834.82	569.62
495.00	1.6880	1834.49	572.18
494.85	1.7100	1835.15	574.38
494.70	1.7230	1854.47	582.78
494.55	1.7140	1873.96	582.19
494.40	1.6950	1873.62	582.40
494.25	1.6930	1869.48	574.00
494.10	1.6880	1869.59	574.67
493.95	1.6900	1870.74	579.12
493.80	1.6920	1850.30	561.46
493.65	1.6830	1848.62	557.45
493.50	1.6700	1848.95	561.85
493.35	1.6540	1848.39	556.75
493.20	1.6580	1848.06	572.37
493.05	1.6700	1849.07	572.22
492.90	1.6760	1847.94	568.90
492.75	1.6810	1848.95	589.73
492.60	1.6820	1848.84	589.02
492.45	1.6850	1846.71	584.30
492.30	1.6870	1847.27	595.39
492.15	1.6990	1854.47	600.70
492.00	1.7130	1856.05	601.37
491.85	1.7230	1858.76	601.43
491.70	1.7240	1862.85	600.11
491.55	1.7180	1864.56	599.39
491.40	1.7150	1865.13	599.59
491.25	1.7180	1864.22	591.02
491.10	1.7230	1871.43	596.63
490.95	1.7170	1876.27	603.16
490.80	1.7080	1876.39	602.88
490.65	1.7130	1877.31	594.66
490.50	1.7340	1879.05	588.84
490.35	1.7510	1879.63	596.64
490.20	1.7480	1879.39	596.07
490.05	1.7350	1879.39	589.82
489.90	1.7300	1879.16	590.08
489.75	1.7340	1879.16	586.03
489.60	1.7350	1879.51	581.57
489.45	1.7220	1879.39	581.10
489.30	1.7000	1865.48	574.44
489.15	1.6800	1847.72	566.03
489.00	1.6720	1856.61	566.58
488.85	1.6750	1859.90	577.61
488.70	1.6830	1852.55	594.36
488.55	1.6900	1858.99	586.45
488.40	1.6980	1855.59	578.54
488.25	1.7130	1878.47	601.96
488.10	1.7320	1880.09	622.13
487.95	1.7460	1880.09	619.80
487.80	1.7520	1880.78	619.49
487.65	1.7580	1884.62	620.02
487.50	1.7710	1887.77	623.70
487.35	1.7800	1891.76	634.51
487.20	1.7760	1891.76	630.35
487.05	1.7570	1891.64	625.13
486.90	1.7370	1890.58	616.80
486.75	1.7300	1888.94	615.36
486.60	1.7290	1885.67	609.66
486.45	1.7370	1885.67	611.81
486.30	1.7290	1885.21	612.17
486.15	1.7310	1882.64	613.56
486.00	1.7280	1880.55	613.91
485.85	1.7280	1880.67	615.05
485.70	1.7370	1880.44	623.01
485.55	1.7470	1880.44	631.16
485.40	1.7530	1880.67	612.96
485.25	1.7400	1881.37	612.56
485.10	1.7230	1881.60	613.56
484.95	1.7120	1879.28	611.27
484.80	1.7110	1877.19	610.27
484.65	1.7130	1877.43	610.98
484.50	1.7160	1878.47	611.25
484.35	1.7260	1879.51	613.06
484.20	1.7390	1883.34	613.86
484.05	1.7480	1883.46	613.66
483.90	1.7440	1883.81	614.07
483.75	1.7380	1882.76	613.63
483.60	1.7360	1887.42	633.31
483.45	1.7450	1888.71	623.78
483.30	1.7500	1888.59	620.21
483.15	1.7530	1888.48	620.08
483.00	1.7510	1888.94	619.49
482.85	1.7470	1889.06	619.40
482.70	1.7380	1888.36	623.17
482.55	1.7390	1911.21	626.23
482.40	1.7500	1920.60	627.10
482.25	1.7610	1920.60	627.41
482.10	1.7660	1921.57	631.45
481.95	1.7670	1926.80	637.66
481.80	1.7690	1929.24	639.87
481.65	1.7740	1935.73	652.33
481.50	1.7880	1941.90	657.92
481.35	1.8060	1943.38	656.36
481.20	1.8230	1969.50	666.04
481.05	1.8270	1989.95	674.84
480.90	1.8130	1990.47	676.00
480.75	1.7930	1987.22	665.88
480.60	1.7870	1965.94	656.70
480.45	1.7980	1948.85	656.39
480.30	1.8140	1948.23	656.56
480.15	1.8110	1945.49	645.56
480.00	1.7870	1943.26	633.47
479.85	1.7630	1943.63	633.90
479.70	1.7530	1937.21	628.51
479.55	1.7610	1928.14	619.47
479.40	1.7730	1927.89	617.24
479.25	1.7790	1927.53	616.54
479.10	1.7770	1929.97	614.81
478.95	1.7700	1934.50	614.64
478.80	1.7750	1937.58	616.23
478.65	1.7900	1938.19	617.24
478.50	1.8070	1941.65	620.69
478.35	1.8130	1944.99	628.14
478.20	1.8080	1944.37	624.95
478.05	1.7970	1944.13	620.48
477.90	1.7800	1937.70	607.10
477.75	1.7700	1927.41	606.24
477.60	1.7640	1928.99	605.76
477.45	1.7690	1920.73	602.22
477.30	1.7710	1869.14	590.34
477.15	1.7580	1868.22	590.01
477.00	1.7330	1859.56	586.46
476.85	1.7140	1854.01	579.83
476.70	1.7160	1872.70	584.23
476.55	1.7250	1872.47	587.67
476.40	1.7390	1875.35	598.59
476.25	1.7390	1887.07	601.74
476.10	1.7350	1886.96	601.48
475.95	1.7330	1882.06	600.47
475.80	1.7290	1874.77	592.47
475.65	1.7140	1875.23	589.43
475.50	1.6920	1872.24	567.74
475.35	1.6680	1865.93	567.13
475.20	1.6610	1868.10	567.50
475.05	1.6750	1869.25	570.98
474.90	1.6970	1875.92	597.21
474.75	1.7180	1862.28	593.46
474.60	1.7320	1874.08	599.25
474.45	1.7540	1884.39	624.63
474.30	1.7680	1882.53	631.74
474.15	1.7780	1878.24	636.37
474.00	1.7760	1920.73	652.48
473.85	1.7810	1934.87	656.94
473.70	1.7850	1931.56	639.57
473.55	1.7950	1933.89	636.41
473.40	1.8010	1934.75	625.90
473.25	1.7990	1935.48	626.86
473.10	1.7860	1935.36	614.89
472.95	1.7670	1905.00	604.91
472.80	1.7490	1891.17	600.51
472.65	1.7300	1886.96	599.22
472.50	1.7220	1879.16	598.56
472.35	1.7260	1875.81	600.56
472.20	1.7400	1875.58	601.94
472.05	1.7510	1876.85	604.97
471.90	1.7590	1879.74	616.08
471.75	1.7660	1884.27	622.41
471.60	1.7720	1886.96	622.54
471.45	1.7800	1887.07	622.52
471.30	1.7870	1887.54	621.06
471.15	1.7940	1903.93	616.12
471.00	1.7940	1918.67	612.82
470.85	1.7880	1918.55	612.79
470.70	1.7800	1916.50	612.42
470.55	1.7730	1905.00	608.67
470.40	1.7720	1904.76	608.49
470.25	1.7690	1919.64	613.42
470.10	1.7650	1920.48	611.86
469.95	1.7730	1925.21	613.53
469.80	1.7890	1936.84	624.16
469.65	1.8010	1939.18	632.85
469.50	1.8030	1939.18	632.73
469.35	1.7970	1941.03	628.86
469.20	1.7950	1944.62	620.52
469.05	1.7960	1944.50	613.16
468.90	1.7870	1943.13	600.39
468.75	1.7740	1940.78	599.14
468.60	1.7620	1924.49	595.53
468.45	1.7550	1881.83	586.91
468.30	1.7620	1881.71	586.83
468.15	1.7800	1889.41	589.01
468.00	1.8010	1919.15	598.53
467.85	1.8170	1921.45	598.79
467.70	1.8220	1921.57	598.41
467.55	1.8140	1921.57	595.48
467.40	1.8050	1925.70	595.77
467.25	1.7980	1926.07	596.63
467.10	1.7970	1926.43	597.12
466.95	1.8010	1927.77	595.22
466.80	1.8080	1928.50	597.93
466.65	1.8120	1931.44	603.47
466.50	1.8200	1931.80	607.75
466.35	1.8410	1933.15	608.91
466.20	1.8610	1939.18	608.47
466.05	1.8870	1947.35	615.53
465.90	1.8950	1947.73	617.08
465.75	1.9050	1947.98	615.81
465.60	1.8990	1955.98	615.38
465.45	1.8710	1947.60	615.53
465.30	1.8400	1946.24	622.96
465.15	1.8290	1958.49	619.10
465.00	1.8380	1944.87	609.84
464.85	1.8510	1942.39	610.96
464.70	1.8550	1942.39	611.57
464.55	1.8420	1943.01	609.02
464.40	1.8180	1885.09	599.75
464.25	1.8010	1871.78	596.78
464.10	1.7920	1871.66	596.09
463.95	1.7820	1864.22	592.05
463.80	1.7720	1859.67	585.80
463.65	1.7610	1858.88	583.74
463.50	1.7670	1857.40	582.83
463.35	1.7830	1851.99	580.43
463.20	1.7910	1850.53	581.26
463.05	1.7840	1853.00	583.49
462.90	1.7660	1853.90	583.38
462.75	1.7580	1884.39	580.35
462.60	1.7610	1903.22	588.20
462.45	1.7760	1901.91	593.40
462.30	1.7980	1913.25	592.81
462.15	1.8230	1934.99	619.56
462.00	1.8400	1944.62	641.56
461.85	1.8400	1944.62	635.89
461.70	1.8260	1948.10	632.18
461.55	1.8080	1948.23	631.93
461.40	1.8020	1945.37	624.45
461.25	1.8070	1944.99	620.16
461.10	1.8150	1944.99	615.15
460.95	1.8160	1947.60	611.26
460.80	1.8090	1951.59	616.03
460.65	1.7960	1952.47	616.59
460.50	1.7840	1948.23	622.00
460.35	1.7820	1944.13	630.03
460.20	1.7910	1947.85	632.50
460.05	1.8070	1951.09	633.47
459.90	1.8330	1964.93	640.26
459.75	1.8730	1978.32	652.59
459.60	1.9150	1976.14	657.35
459.45	1.9310	1983.21	656.23
459.30	1.9150	1980.12	650.02
459.15	1.8880	1989.69	664.70
459.00	1.8780	1972.43	652.90
458.85	1.8760	1949.35	618.92
458.70	1.8600	1955.73	620.43
458.55	1.8270	1966.32	631.68
458.40	1.8010	1946.36	608.26
458.25	1.7760	1904.29	599.27
458.10	1.7640	1904.40	600.79
457.95	1.7600	1909.54	607.15
457.80	1.7890	1904.76	596.91
457.65	1.8160	1905.36	592.39
457.50	1.8280	1902.74	591.43
457.35	1.8080	1903.10	592.92
457.20	1.7900	1907.62	595.93
457.05	1.7730	1907.50	597.01
456.90	1.7810	1907.38	597.38
456.75	1.7990	1907.26	597.40
456.60	1.8180	1909.89	606.94
456.45	1.8120	1910.13	621.52
456.30	1.7860	1910.01	622.82
456.15	1.7560	1910.37	615.21
456.00	1.7340	1890.12	609.06
455.85	1.7330	1902.03	602.84
455.70	1.7340	1904.40	602.81
455.55	1.7330	1904.29	602.22
455.40	1.7190	1900.96	614.50
455.25	1.7200	1900.49	620.05
455.10	1.7270	1892.70	619.47
454.95	1.7530	1891.88	612.54
454.80	1.7690	1894.23	574.34
454.65	1.7590	1879.05	574.89
454.50	1.7190	1898.83	602.18
454.35	1.6810	1832.17	568.02
454.20	1.6700	1810.62	564.37
454.05	1.6710	1844.48	557.92
453.90	1.6810	1840.91	555.11
453.75	1.6820	1842.03	570.32
453.60	1.6790	1846.49	577.19
453.45	1.6750	1846.71	577.02
453.30	1.6750	1846.60	574.60
453.15	1.6880	1854.13	584.57
453.00	1.7140	1858.65	590.43
452.85	1.7390	1858.65	589.56
452.70	1.7490	1865.13	590.51
452.55	1.7380	1865.70	582.48
452.40	1.7270	1862.74	576.05
452.25	1.7240	1863.08	589.75
452.10	1.7310	1863.65	604.82
451.95	1.7430	1863.76	607.10
451.80	1.7590	1864.56	605.58
451.65	1.7680	1871.09	606.63
451.50	1.7600	1876.96	611.64
451.35	1.7470	1873.16	611.80
451.20	1.7450	1872.47	618.96
451.05	1.7790	1892.11	646.90
450.90	1.8280	1900.49	662.87
450.75	1.8670	1880.09	647.89
450.60	1.8810	1902.03	644.98
450.45	1.8790	1941.90	664.36
450.30	1.8600	1942.14	661.27
450.15	1.8330	1942.51	663.32
450.00	1.8110	1940.66	657.79
449.85	1.8010	1926.55	641.18
449.70	1.7880	1903.45	634.25
449.55	1.7670	1903.10	634.68
449.40	1.7490	1891.29	633.10
449.25	1.7330	1868.91	622.32
449.10	1.7320	1868.33	608.21
448.95	1.7350	1868.91	609.03
448.80	1.7480	1870.74	614.60
448.65	1.7660	1873.27	614.90
448.50	1.7720	1873.96	614.76
448.35	1.7620	1878.58	612.68
448.20	1.7400	1876.96	604.01
448.05	1.7100	1876.62	604.31
447.90	1.7090	1872.12	602.44
447.75	1.7190	1864.68	582.11
447.60	1.7510	1872.35	582.09
447.45	1.7670	1872.58	583.65
447.30	1.7750	1868.56	620.48
447.15	1.7700	1874.54	619.98
447.00	1.7640	1879.63	619.71
446.85	1.7660	1886.84	635.57
446.70	1.7790	1887.54	640.40
446.55	1.7950	1887.42	641.66
446.40	1.7990	1890.35	642.58
446.25	1.8030	1893.17	644.79
446.10	1.8050	1894.93	648.79
445.95	1.8030	1906.67	653.25
445.80	1.7940	1908.82	654.05
445.65	1.7800	1908.58	655.47
445.50	1.7730	1907.15	654.32
445.35	1.7740	1906.19	650.71
445.20	1.7800	1905.24	638.70
445.05	1.7830	1902.98	645.31
444.90	1.7930	1900.84	642.46
444.75	1.8000	1902.74	641.77
444.60	1.8030	1903.57	642.23
444.45	1.7980	1906.43	641.90
444.30	1.7880	1907.86	638.85
444.15	1.7790	1908.10	637.43
444.00	1.7600	1907.98	635.57
443.85	1.7440	1902.50	634.51
443.70	1.7370	1899.42	634.30
443.55	1.7510	1900.37	634.93
443.40	1.7760	1902.50	644.62
443.25	1.7910	1903.45	650.78
443.10	1.7930	1903.33	650.81
442.95	1.7870	1904.29	647.79
442.80	1.7800	1904.64	645.45
442.65	1.7730	1904.29	644.13
442.50	1.7720	1904.17	642.48
442.35	1.7790	1904.76	642.12
442.20	1.7850	1905.95	643.04
442.05	1.7820	1906.55	646.28
441.90	1.7760	1906.79	649.04
441.75	1.7790	1907.26	651.31
441.60	1.7910	1913.73	653.67
441.45	1.8120	1922.30	652.83
441.30	1.8270	1923.15	652.62
441.15	1.8250	1921.21	649.99
441.00	1.8010	1913.73	641.91
440.85	1.7620	1886.84	615.58
440.70	1.7230	1850.19	571.86
440.55	1.6880	1858.65	564.29
440.40	1.6590	1862.74	573.03
440.25	1.6400	1827.45	552.38
440.10	1.6360	1811.91	556.09
439.95	1.6610	1812.02	556.56
439.80	1.6910	1819.81	563.07
439.65	1.7200	1838.58	578.10
439.50	1.7330	1838.91	578.62
439.35	1.7270	1841.91	577.21
439.20	1.7140	1851.42	567.39
439.05	1.7010	1852.32	567.43
438.90	1.7040	1849.63	567.15
438.75	1.6910	1832.83	565.82
438.60	1.6590	1834.49	561.77
438.45	1.6390	1843.25	566.18
438.30	1.6410	1835.04	558.19
438.15	1.6670	1856.84	598.73
438.00	1.6960	1856.39	589.90
437.85	1.7120	1836.59	579.45
437.70	1.7190	1858.20	616.22
437.55	1.7260	1867.99	626.09
437.40	1.7410	1865.82	614.19
437.25	1.7580	1870.51	627.21
437.10	1.7520	1870.40	630.06
436.95	1.7360	1870.28	630.30
436.80	1.7300	1870.17	629.83
436.65	1.7370	1866.50	625.27
436.50	1.7440	1862.85	623.56
436.35	1.7440	1862.06	607.18
436.20	1.7260	1860.92	602.56
436.05	1.6970	1837.14	588.29
435.90	1.6660	1832.06	581.46
435.75	1.6540	1831.73	582.25
435.60	1.6680	1838.47	590.97
435.45	1.6940	1840.36	594.60
435.30	1.7140	1840.36	594.63
435.15	1.7070	1840.58	586.49
435.00	1.6900	1825.37	577.61
434.85	1.6730	1820.79	575.19
434.70	1.6620	1829.09	577.55
434.55	1.6580	1830.96	594.66
434.40	1.6610	1835.04	601.68
434.25	1.6790	1830.52	585.74
434.10	1.7040	1828.21	578.08
433.95	1.7170	1834.49	590.86
433.80	1.7120	1838.47	599.86
433.65	1.7000	1838.91	600.61
433.50	1.6950	1837.92	600.32
433.35	1.6970	1834.82	599.46
433.20	1.7040	1833.16	599.06
433.05	1.7130	1834.82	599.23
432.90	1.7090	1834.05	599.46
432.75	1.6920	1831.40	597.80
432.60	1.6760	1832.39	596.82
432.45	1.6690	1830.74	587.07
432.30	1.6660	1819.48	567.93
432.15	1.6560	1809.12	559.40
432.00	1.6450	1808.04	560.49
431.85	1.6390	1807.40	557.67
431.70	1.6390	1805.37	549.49
431.55	1.6400	1807.08	546.95
431.40	1.6400	1808.47	546.67
431.25	1.6420	1811.37	544.94
431.10	1.6400	1815.58	543.93
430.95	1.6260	1813.75	542.44
430.80	1.6070	1809.44	536.09
430.65	1.5940	1809.44	529.75
430.50	1.5920	1806.54	530.16
430.35	1.5940	1798.12	531.24
430.20	1.6040	1800.04	531.02
430.05	1.6050	1800.35	529.59
429.90	1.6080	1800.89	523.69
429.75	1.5990	1797.17	523.58
429.60	1.5940	1795.16	523.22
429.45	1.5870	1785.28	521.61
429.30	1.5820	1779.13	521.37
429.15	1.5920	1778.50	524.97
429.00	1.6040	1776.22	536.30
428.85	1.6160	1776.22	541.50
428.70	1.6190	1779.23	544.51
428.55	1.6210	1779.96	545.56
428.40	1.6180	1779.44	545.16
428.25	1.6070	1773.43	535.82
428.10	1.5930	1772.71	534.04
427.95	1.5890	1769.42	543.19
427.80	1.5950	1772.40	545.11
427.65	1.6040	1771.99	545.48
427.50	1.6060	1771.37	556.97
427.35	1.6100	1774.26	559.31
427.20	1.6120	1776.33	568.17
427.05	1.6240	1776.22	569.18
426.90	1.6400	1781.00	572.16
426.75	1.6550	1783.50	588.37
426.60	1.6680	1795.48	606.01
426.45	1.6850	1817.42	618.00
426.30	1.7070	1820.03	616.47
426.15	1.7260	1841.47	617.53
426.00	1.7280	1861.26	639.85
425.85	1.7250	1865.36	627.10
425.70	1.7200	1864.22	633.34
425.55	1.7190	1863.88	620.55
425.40	1.7120	1851.54	582.32
425.25	1.6880	1841.69	590.96
425.10	1.6520	1856.84	604.38
424.95	1.6150	1821.22	580.79
424.80	1.5970	1811.81	569.10
424.65	1.6040	1815.69	568.35
424.50	1.6340	1823.29	573.67
424.35	1.6730	1834.71	591.82
424.20	1.7090	1829.86	600.25
424.05	1.7270	1833.82	617.70
423.90	1.7270	1848.84	632.22
423.75	1.7120	1854.92	632.40
423.60	1.6950	1853.00	630.61
423.45	1.6880	1849.96	616.48
423.30	1.6940	1848.62	604.79
423.15	1.7110	1846.38	602.49
423.00	1.7290	1845.48	606.75
422.85	1.7340	1847.38	612.75
422.70	1.7190	1843.03	610.78
422.55	1.6940	1837.25	609.77
422.40	1.6800	1837.47	608.40
422.25	1.6900	1835.15	607.78
422.10	1.7130	1837.14	615.62
421.95	1.7250	1848.62	627.66
421.80	1.7270	1843.70	617.58
421.65	1.7240	1836.48	619.26
421.50	1.7280	1850.64	628.16
421.35	1.7280	1857.18	618.91
421.20	1.7260	1852.66	632.79
421.05	1.7160	1849.74	619.34
420.90	1.7000	1833.16	585.13
420.75	1.6810	1840.69	596.73
420.60	1.6670	1847.94	593.65
420.45	1.6670	1833.05	576.94
420.30	1.6710	1821.22	579.32
420.15	1.6770	1821.55	585.00
420.00	1.6750	1825.26	581.81
419.85	1.6730	1826.02	593.24
419.70	1.6760	1826.24	597.82
419.55	1.6870	1830.74	610.58
419.40	1.7050	1835.70	610.39
419.25	1.7110	1841.80	610.53
419.10	1.7110	1843.14	611.01
418.95	1.6990	1842.69	611.14
418.80	1.6850	1842.81	614.86
418.65	1.6900	1848.17	613.80
418.50	1.7140	1861.37	624.63
418.35	1.7630	1861.49	631.62
418.20	1.7950	1866.05	618.16
418.05	1.8020	1865.02	619.10
417.90	1.8170	1864.68	639.58
417.75	1.8370	1842.69	622.37
417.60	1.8460	1837.69	615.47
417.45	1.8400	1841.69	609.43
417.30	1.8250	1852.21	633.10
417.15	1.8190	1868.56	629.19
417.00	1.7960	1868.10	638.46
416.85	1.7770	1861.26	629.87
416.70	1.7670	1828.76	596.98
416.55	1.7610	1821.66	582.87
416.40	1.7540	1835.70	591.93
416.25	1.7480	1826.90	591.82
416.10	1.7460	1819.92	577.27
415.95	1.7430	1818.72	571.89
415.80	1.7420	1820.79	569.78
415.65	1.7420	1821.66	566.65
415.50	1.7440	1805.47	563.58
415.35	1.7380	1800.99	562.43
415.20	1.7270	1802.59	565.48
415.05	1.7120	1789.15	561.91
414.90	1.7010	1776.95	556.09
414.75	1.6880	1773.85	551.70
414.60	1.6790	1777.78	544.84
414.45	1.6730	1781.10	542.41
414.30	1.6690	1778.19	542.10
414.15	1.6670	1775.60	541.71
414.00	1.6690	1775.19	540.85
413.85	1.6700	1773.12	538.49
413.70	1.6650	1772.40	537.26
413.55	1.6560	1770.96	537.24
413.40	1.6480	1760.83	538.34
413.25	1.6490	1752.13	539.36
413.10	1.6520	1751.52	538.91
412.95	1.6550	1748.91	539.73
412.80	1.6630	1748.41	541.43
412.65	1.6660	1749.81	541.52
412.50	1.6720	1751.62	544.41
412.35	1.6730	1754.55	548.73
412.20	1.6750	1753.64	548.29
412.05	1.6770	1754.04	548.01
411.90	1.6770	1754.75	548.00
411.75	1.6760	1756.57	546.31
411.60	1.6710	1756.37	546.89
411.45	1.6680	1757.38	545.66
411.30	1.6680	1760.22	541.60
411.15	1.6680	1760.43	540.91
411.00	1.6710	1758.90	539.37
410.85	1.6640	1755.66	532.68
410.70	1.6510	1751.52	533.37
410.55	1.6320	1751.02	532.97
410.40	1.6250	1748.91	530.63
410.25	1.6270	1748.11	529.49
410.10	1.6400	1746.20	529.05
409.95	1.6500	1747.21	529.05
409.80	1.6510	1747.31	529.41
409.65	1.6470	1749.91	530.35
409.50	1.6440	1749.91	530.42
409.35	1.6480	1749.61	530.80
409.20	1.6510	1749.21	529.65
409.05	1.6450	1749.51	528.99
408.90	1.6420	1749.41	529.03
408.75	1.6440	1748.81	526.37
408.60	1.6490	1748.51	528.04
408.45	1.6530	1748.51	528.01
408.30	1.6520	1747.71	528.04
408.15	1.6490	1748.01	528.05
408.00	1.6460	1748.21	526.77
407.85	1.6460	1748.01	528.68
407.70	1.6500	1747.51	532.16
407.55	1.6580	1748.21	532.53
407.40	1.6590	1747.61	531.01
407.25	1.6550	1750.11	536.44
407.10	1.6490	1751.12	540.91
406.95	1.6490	1750.42	541.65
406.80	1.6500	1750.72	541.15
406.65	1.6500	1751.93	544.23
406.50	1.6480	1752.23	545.47
406.35	1.6510	1751.93	545.99
406.20	1.6600	1752.13	548.45
406.05	1.6700	1758.80	552.00
405.90	1.6780	1762.36	554.82
405.75	1.6790	1758.90	555.50
405.60	1.6830	1760.12	554.76
405.45	1.6900	1764.09	553.63
405.30	1.6980	1765.63	551.96
405.15	1.7030	1765.63	554.51
405.00	1.7050	1765.52	555.10
404.85	1.7060	1769.83	556.38
404.70	1.7090	1773.12	558.42
404.55	1.7130	1773.43	560.82
404.40	1.7190	1777.88	566.58
404.25	1.7270	1782.87	572.60
404.10	1.7360	1784.02	575.00
403.95	1.7450	1784.33	577.10
403.80	1.7500	1782.14	580.96
403.65	1.7500	1780.58	582.15
403.50	1.7440	1782.56	581.77
403.35	1.7350	1782.98	581.96
403.20	1.7250	1784.75	572.68
403.05	1.7170	1786.74	557.96
402.90	1.7040	1786.84	554.13
402.75	1.6900	1785.17	545.04
402.60	1.6820	1781.94	540.49
402.45	1.6830	1780.48	540.58
402.30	1.6860	1781.21	541.06
402.15	1.6860	1778.30	540.95
402.00	1.6880	1778.50	542.39
401.85	1.7010	1778.82	544.94
401.70	1.7130	1779.96	552.34
401.55	1.7260	1781.73	553.65
401.40	1.7260	1782.87	557.48
401.25	1.7260	1786.74	559.08
401.10	1.7250	1788.00	559.44
400.95	1.7200	1794.42	560.20
400.80	1.7250	1793.36	561.14
400.65	1.7240	1793.05	561.36
400.50	1.7280	1792.20	560.93
400.35	1.7240	1786.43	559.54
400.20	1.7240	1785.59	560.62
400.05	1.7250	1784.33	561.64
399.90	1.7330	1784.44	563.20
399.75	1.7350	1786.53	570.18
399.60	1.7440	1787.58	573.60
399.45	1.7420	1799.29	576.65
399.30	1.7450	1800.78	584.88
399.15	1.7510	1805.90	585.41
399.00	1.7640	1806.44	585.52
398.85	1.7700	1806.54	588.83
398.70	1.7710	1824.93	601.34
398.55	1.7700	1826.68	603.23
398.40	1.7730	1826.35	603.98
398.25	1.7720	1831.29	603.91
398.10	1.7650	1835.04	602.62
397.95	1.7580	1835.81	602.55
397.80	1.7560	1834.71	593.64
397.65	1.7560	1832.61	595.34
397.50	1.7550	1833.27	595.50
397.35	1.7470	1831.84	587.61
397.20	1.7430	1832.17	583.39
397.05	1.7370	1831.73	588.51
396.90	1.7330	1830.85	589.24
396.75	1.7320	1824.71	576.44
396.60	1.7360	1822.53	570.51
396.45	1.7450	1821.77	566.36
396.30	1.7520	1817.42	564.72
396.15	1.7560	1815.37	564.63
396.00	1.7550	1815.47	564.60
395.85	1.7510	1815.80	564.49
395.70	1.7470	1816.12	563.88
395.55	1.7460	1816.66	564.10
395.40	1.7470	1813.42	563.84
395.25	1.7480	1811.05	566.99
395.10	1.7490	1810.62	572.31
394.95	1.7500	1811.91	572.43
394.80	1.7480	1814.72	572.60
394.65	1.7410	1813.85	574.62
394.50	1.7290	1811.59	569.80
394.35	1.7210	1808.58	559.69
394.20	1.7190	1810.08	557.96
394.05	1.7190	1815.04	564.50
393.90	1.7150	1800.04	561.63
393.75	1.7060	1781.10	550.89
393.60	1.7020	1781.31	546.33
393.45	1.7010	1781.21	546.31
393.30	1.7030	1779.44	546.82
393.15	1.7030	1780.06	551.28
393.00	1.7000	1783.08	550.03
392.85	1.7030	1779.33	552.11
392.70	1.7160	1783.29	558.41
392.55	1.7330	1783.71	560.29
392.40	1.7460	1784.44	560.15
392.25	1.7420	1787.26	561.62
392.10	1.7390	1786.64	566.37
391.95	1.7420	1784.13	565.25
391.80	1.7660	1776.22	553.21
391.65	1.7820	1775.40	559.11
391.50	1.8020	1772.61	552.44
391.35	1.7950	1774.57	548.33
391.20	1.7820	1785.80	545.46
391.05	1.7600	1794.31	555.26
390.90	1.7570	1796.64	560.38
390.75	1.7700	1798.02	569.60
390.60	1.7800	1791.04	573.68
390.45	1.7860	1790.73	573.82
390.30	1.7920	1791.47	573.88
390.15	1.7930	1784.65	564.48
390.00	1.7870	1807.72	573.65
389.85	1.7740	1786.95	576.58
389.70	1.7610	1808.15	568.74
389.55	1.7600	1816.99	566.47
389.40	1.7590	1808.69	569.92
389.25	1.7690	1815.58	570.74
389.10	1.7690	1825.48	568.14
388.95	1.7730	1824.71	568.55
388.80	1.7740	1822.53	572.96
388.65	1.7770	1824.38	572.78
388.50	1.7720	1819.16	574.31
388.35	1.7710	1824.06	572.37
388.20	1.7700	1821.22	573.08
388.05	1.7760	1821.88	577.63
387.90	1.7740	1821.99	579.47
387.75	1.7770	1819.38	579.83
387.60	1.7740	1819.70	575.69
387.45	1.7750	1812.34	574.63
387.30	1.7750	1809.55	574.76
387.15	1.7740	1809.33	575.72
387.00	1.7710	1806.22	575.51
386.85	1.7660	1804.19	574.94
386.70	1.7640	1804.40	573.18
386.55	1.7630	1813.21	566.67
386.40	1.7680	1816.56	563.88
386.25	1.7790	1815.15	564.85
386.10	1.7880	1812.02	567.28
385.95	1.7900	1811.27	568.17
385.80	1.7880	1812.24	566.75
385.65	1.7870	1812.34	564.75
385.50	1.7870	1809.33	563.97
385.35	1.7850	1806.65	563.83
385.20	1.7770	1806.44	563.61
385.05	1.7710	1814.61	564.59
384.90	1.7710	1821.66	565.70
384.75	1.7730	1820.68	566.12
384.60	1.7740	1820.24	567.09
384.45	1.7740	1811.81	566.31
384.30	1.7800	1804.19	563.66
384.15	1.7860	1804.51	563.76
384.00	1.7910	1805.47	565.48
383.85	1.7940	1805.90	567.63
383.70	1.7970	1808.37	573.32
383.55	1.7970	1814.83	579.30
383.40	1.7930	1816.45	574.11
383.25	1.7910	1815.69	572.30
383.10	1.7870	1815.47	568.76
382.95	1.7830	1813.31	568.69
382.80	1.7820	1813.42	568.79
382.65	1.7880	1813.75	568.57
382.50	1.7970	1814.39	572.78
382.35	1.7980	1814.07	571.91
382.20	1.7970	1815.15	571.45
382.05	1.7870	1815.26	571.75
381.90	1.7870	1816.12	572.57
381.75	1.7810	1816.02	575.32
381.60	1.7810	1811.48	572.34
381.45	1.7770	1810.08	563.79
381.30	1.7730	1809.87	564.35
381.15	1.7690	1809.87	564.32
381.00	1.7690	1814.07	570.52
380.85	1.7720	1825.04	570.71
380.70	1.7770	1823.62	571.37
380.55	1.7660	1815.26	571.49
380.40	1.7580	1815.26	569.69
380.25	1.7460	1812.56	550.15
380.10	1.7410	1812.67	551.37
379.95	1.7260	1813.10	550.54
379.80	1.7210	1809.87	541.91
379.65	1.7200	1802.91	541.25
379.50	1.7260	1802.38	546.06
379.35	1.7330	1803.02	546.59
379.20	1.7400	1803.44	546.94
379.05	1.7470	1802.80	550.79
378.90	1.7530	1802.27	558.38
378.75	1.7560	1802.06	560.13
378.60	1.7590	1799.19	558.96
378.45	1.7670	1788.00	555.73
378.30	1.7690	1783.39	552.44
378.15	1.7680	1783.39	551.38
378.00	1.7600	1782.66	548.61
377.85	1.7580	1778.61	550.80
377.70	1.7610	1779.54	552.09
377.55	1.7690	1780.48	552.62
377.40	1.7810	1785.28	557.29
377.25	1.7960	1796.75	568.40
377.10	1.8090	1799.93	571.70
376.95	1.8150	1790.41	571.25
376.80	1.8110	1795.79	570.47
376.65	1.8010	1804.83	565.46
376.50	1.7910	1806.54	565.85
376.35	1.7860	1806.33	570.20
376.20	1.7850	1804.40	564.18
376.05	1.7810	1803.98	558.71
375.90	1.7760	1804.72	558.78
375.75	1.7700	1803.12	563.63
375.60	1.7710	1804.62	570.51
375.45	1.7750	1806.86	569.08
375.30	1.7800	1805.05	567.68
375.15	1.7860	1806.65	566.03
375.00	1.7890	1811.81	560.77
374.85	1.7800	1812.78	564.51
374.70	1.7630	1810.30	562.07
374.55	1.7510	1809.65	547.13
374.40	1.7460	1809.01	541.68
374.25	1.7480	1807.94	538.36
374.10	1.7470	1805.15	532.76
373.95	1.7480	1801.31	531.78
373.80	1.7410	1801.10	530.94
373.65	1.7270	1793.89	529.22
373.50	1.7120	1774.78	526.08
373.35	1.7050	1772.30	526.33
373.20	1.7040	1772.20	525.76
373.05	1.7060	1772.92	527.31
372.90	1.7060	1774.88	538.58
372.75	1.7050	1773.74	537.71
372.60	1.6980	1772.71	535.19
372.45	1.6950	1775.40	540.04
372.30	1.7010	1775.19	541.18
372.15	1.7160	1773.02	541.08
372.00	1.7300	1761.44	540.06
371.85	1.7310	1778.40	538.03
371.70	1.7270	1778.71	539.26
371.55	1.7220	1778.82	540.66
371.40	1.7180	1777.67	541.63
371.25	1.7150	1753.54	537.73
371.10	1.7130	1754.14	540.75
370.95	1.7160	1776.02	538.43
370.80	1.7180	1776.85	547.02
370.65	1.7220	1776.74	547.49
370.50	1.7260	1777.26	547.85
370.35	1.7310	1778.19	552.00
370.20	1.7320	1779.75	552.92
370.05	1.7340	1779.44	549.29
369.90	1.7300	1779.96	548.53
369.75	1.7250	1779.65	542.74
369.60	1.7170	1757.79	539.56
369.45	1.7120	1754.24	539.17
369.30	1.7140	1754.04	540.03
369.15	1.7200	1754.55	541.40
369.00	1.7290	1755.25	542.03
368.85	1.7320	1772.09	542.84
368.70	1.7310	1780.27	552.23
368.55	1.7230	1781.31	555.67
368.40	1.7200	1780.48	554.74
368.25	1.7250	1780.48	556.27
368.10	1.7320	1781.10	557.86
367.95	1.7350	1781.41	558.09
367.80	1.7380	1781.52	558.52
367.65	1.7430	1782.77	560.38
367.50	1.7480	1784.13	561.02
367.35	1.7480	1786.95	561.69
367.20	1.7420	1790.73	563.39
367.05	1.7360	1792.41	563.68
366.90	1.7330	1792.62	563.08
366.75	1.7340	1792.62	563.65
366.60	1.7400	1796.00	566.79
366.45	1.7430	1796.32	566.46
366.30	1.7440	1793.57	566.21
366.15	1.7400	1789.68	565.60
366.00	1.7350	1792.31	564.56
365.85	1.7340	1791.04	565.38
365.70	1.7310	1779.13	557.17
365.55	1.7250	1778.09	547.96
365.40	1.7150	1781.31	546.53
365.25	1.7050	1774.57	545.72
365.10	1.7000	1763.68	545.75
364.95	1.6980	1762.26	544.86
364.80	1.6990	1761.54	545.39
364.65	1.7070	1763.89	549.20
364.50	1.7200	1771.48	553.52
364.35	1.7320	1775.81	554.37
364.20	1.7400	1779.23	558.88
364.05	1.7410	1779.23	559.37
363.90	1.7380	1778.71	559.29
363.75	1.7330	1776.85	556.63
363.60	1.7250	1774.88	550.17
363.45	1.7170	1774.57	550.65
363.30	1.7160	1774.88	549.78
363.15	1.7200	1776.85	549.09
363.00	1.7270	1777.47	549.43
362.85	1.7320	1777.26	549.96
362.70	1.7340	1776.95	550.06
362.55	1.7430	1776.85	550.71
362.40	1.7450	1777.26	552.06
362.25	1.7490	1779.02	556.10
362.10	1.7490	1780.06	563.38
361.95	1.7460	1780.79	571.46
361.80	1.7510	1789.26	583.03
361.65	1.7550	1797.81	584.20
361.50	1.7630	1798.23	584.68
361.35	1.7610	1793.36	586.84
361.20	1.7610	1797.28	582.38
361.05	1.7610	1795.48	584.74
360.90	1.7630	1799.50	584.31
360.75	1.7700	1804.83	580.95
360.60	1.7780	1804.62	582.51
360.45	1.7870	1801.84	580.75
360.30	1.7770	1807.29	575.81
360.15	1.7680	1806.54	574.99
360.00	1.7590	1809.22	577.43
359.85	1.7590	1806.44	572.50
359.70	1.7600	1804.19	559.86
359.55	1.7640	1803.66	558.40
359.40	1.7640	1803.87	566.97
359.25	1.7600	1786.74	561.66
359.10	1.7530	1781.52	546.95
358.95	1.7500	1783.50	546.28
358.80	1.7520	1796.32	541.23
358.65	1.7540	1782.25	537.34
358.50	1.7580	1773.74	535.47
358.35	1.7600	1772.61	534.47
358.20	1.7710	1775.91	538.45
358.05	1.7760	1778.50	541.75
357.90	1.7820	1778.30	543.22
357.75	1.7800	1779.96	555.97
357.60	1.7770	1778.09	564.21
357.45	1.7720	1784.65	565.05
357.30	1.7730	1790.73	564.99
357.15	1.7770	1781.00	569.05
357.00	1.7830	1783.81	573.03
356.85	1.7890	1794.31	573.24
356.70	1.7940	1798.65	572.95
356.55	1.7980	1802.38	570.65
356.40	1.7950	1802.70	568.51
356.25	1.7830	1804.08	568.92
356.10	1.7670	1805.69	569.30
355.95	1.7550	1805.58	568.50
355.80	1.7490	1805.79	567.35
355.65	1.7490	1806.01	567.99
355.50	1.7510	1807.19	572.07
355.35	1.7570	1809.87	577.36
355.20	1.7600	1812.56	579.90
355.05	1.7590	1817.10	582.16
354.90	1.7560	1823.40	583.17
354.75	1.7490	1821.01	580.28
354.60	1.7420	1814.83	570.10
354.45	1.7330	1812.45	564.72
354.30	1.7230	1811.70	562.87
354.15	1.7130	1809.98	558.27
354.00	1.7080	1798.97	551.33
353.85	1.7070	1782.25	550.01
353.70	1.7110	1780.37	549.54
353.55	1.7040	1779.44	549.86
353.40	1.6900	1777.16	546.87
353.25	1.6760	1775.19	541.95
353.10	1.6720	1776.33	543.05
352.95	1.6800	1776.53	541.41
352.80	1.6930	1771.68	539.56
352.65	1.7060	1771.58	540.52
352.50	1.7120	1771.58	540.49
352.35	1.7080	1771.27	540.61
352.20	1.6980	1771.27	545.39
352.05	1.6900	1773.23	545.40
351.90	1.6880	1781.62	545.97
351.75	1.6920	1781.31	545.31
351.60	1.6980	1778.40	545.55
351.45	1.7040	1776.12	549.76
351.30	1.7090	1776.12	550.82
351.15	1.7160	1775.71	551.86
351.00	1.7150	1778.92	560.84
350.85	1.7110	1782.66	563.81
350.70	1.7010	1783.29	570.10
350.55	1.6900	1783.92	571.68
350.40	1.6720	1784.75	566.28
350.25	1.6520	1785.28	565.69
350.10	1.6340	1784.96	562.33
349.95	1.6270	1765.73	539.55
349.80	1.6270	1739.53	534.54
349.65	1.6240	1732.70	536.37
349.50	1.6240	1745.80	528.53
349.35	1.6260	1751.42	522.41
349.20	1.6260	1752.83	517.72
349.05	1.6270	1741.12	514.25
348.90	1.6230	1737.35	518.80
348.75	1.6280	1737.15	521.94
348.60	1.6330	1733.69	535.64
348.45	1.6400	1747.31	543.49
348.30	1.6500	1755.46	544.27
348.15	1.6520	1755.66	548.91
348.00	1.6530	1753.54	553.53
347.85	1.6500	1753.74	555.76
347.70	1.6500	1752.93	556.58
347.55	1.6520	1756.67	551.64
347.40	1.6610	1760.63	546.44
347.25	1.6700	1762.05	551.60
347.10	1.6760	1768.70	559.41
346.95	1.6750	1773.43	561.66
346.80	1.6670	1773.23	561.50
346.65	1.6570	1764.91	552.53
346.50	1.6440	1760.02	542.74
346.35	1.6320	1763.99	547.59
346.20	1.6220	1752.33	546.94
346.05	1.6220	1740.62	532.15
345.90	1.6260	1739.83	525.24
345.75	1.6240	1738.73	522.86
345.60	1.6170	1735.17	519.16
345.45	1.6090	1733.00	519.12
345.30	1.6100	1730.64	521.21
345.15	1.6140	1726.62	525.93
345.00	1.6260	1727.30	525.66
344.85	1.6330	1730.64	524.04
344.70	1.6390	1737.45	525.22
344.55	1.6480	1739.03	536.01
344.40	1.6640	1739.33	541.84
344.25	1.6800	1741.91	543.82
344.10	1.6800	1747.91	552.78
343.95	1.6680	1751.93	553.87
343.80	1.6520	1752.63	553.69
343.65	1.6430	1753.64	543.75
343.50	1.6390	1753.44	536.33
343.35	1.6400	1753.13	537.17
343.20	1.6390	1751.12	534.39
343.05	1.6400	1749.11	536.74
342.90	1.6410	1748.31	536.58
342.75	1.6460	1748.41	540.22
342.60	1.6580	1755.25	549.83
342.45	1.6860	1757.58	548.86
342.30	1.7300	1752.63	542.74
342.15	1.7670	1779.96	540.81
342.00	1.8060	1799.72	555.22
341.85	1.8590	1799.61	568.95
341.70	1.9090	1787.16	557.88
341.55	1.9670	1804.62	557.09
341.40	1.9880	1857.63	567.51
341.25	1.9850	1863.42	609.58
341.10	1.9380	1840.91	632.67
340.95	1.9150	1858.99	593.71
340.80	1.9240	1870.05	576.78
340.65	1.9500	1878.70	602.25
340.50	1.9340	1893.17	587.24
340.35	1.9010	1882.76	585.77
340.20	1.8790	1879.16	587.42
340.05	1.8350	1879.39	588.12
339.90	1.8000	1826.46	581.12
339.75	1.7200	1787.16	570.39
339.60	1.6740	1779.85	574.43
339.45	1.6390	1778.50	551.75
339.30	1.6710	1771.68	553.38
339.15	1.7540	1762.87	520.39
339.00	1.7900	1758.70	456.51
338.85	1.7660	1758.09	441.59
338.70	1.7120	1791.15	445.05
338.55	1.6780	1831.84	520.90
338.40	1.6720	1844.25	588.08
338.25	1.6760	1842.92	587.63
338.10	1.6840	1839.58	605.03
337.95	1.6920	1790.20	616.12
337.80	1.6890	1754.14	611.88
337.65	1.6790	1760.02	605.01
337.50	1.6720	1765.93	571.42
337.35	1.6730	1786.95	523.87
337.20	1.6760	1787.05	502.25
337.05	1.6790	1747.81	501.13
336.90	1.6830	1715.35	501.89
336.75	1.6900	1693.52	506.14
336.60	1.6980	1686.77	506.68
336.45	1.7170	1686.96	503.38
336.30	1.7500	1718.83	514.89
336.15	1.7730	1774.36	531.07
336.00	1.7710	1768.29	492.11
335.85	1.7440	1748.71	451.46
335.70	1.7260	1713.42	448.68
335.55	1.7190	1718.93	461.35
335.40	1.7110	1724.57	487.17
335.25	1.7000	1726.42	515.51
335.10	1.6890	1726.52	521.07
334.95	1.6780	1725.25	487.59
334.80	1.6790	1717.09	472.14
334.65	1.6840	1712.55	474.30
334.50	1.6980	1708.90	475.11
334.35	1.7200	1711.11	480.31
334.20	1.7330	1718.83	486.61
334.05	1.7440	1718.73	461.51
333.90	1.7360	1718.15	461.56
333.75	1.7320	1719.12	455.65
333.60	1.7300	1719.90	463.54
333.45	1.7500	1719.41	456.19
333.30	1.7610	1719.61	467.02
333.15	1.7640	1716.51	467.26
333.00	1.7550	1714.00	467.49
332.85	1.7570	1714.38	460.90
332.70	1.7770	1730.74	463.42
332.55	1.7700	1738.24	492.69
332.40	1.7580	1732.31	502.47
332.25	1.7450	1740.82	499.40
332.10	1.7560	1750.82	495.09
331.95	1.7690	1751.42	485.67
331.80	1.7960	1751.93	490.21
331.65	1.7890	1738.44	498.81
331.50	1.7660	1736.36	525.06
331.35	1.7260	1737.15	499.86
331.20	1.7140	1712.26	514.57
331.05	1.7100	1732.90	536.29
330.90	1.7070	1738.83	540.63
330.75	1.7000	1738.73	539.79
330.60	1.6910	1736.16	511.43
330.45	1.6850	1734.48	498.30
330.30	1.6890	1729.26	503.35
330.15	1.6960	1728.09	507.17
330.00	1.7050	1714.48	501.65
329.85	1.7070	1720.28	494.57
329.70	1.6980	1727.01	497.19
329.55	1.6780	1719.99	501.41
329.40	1.6600	1712.36	503.42
329.25	1.6500	1705.75	502.54
329.10	1.6450	1710.53	506.44
328.95	1.6390	1709.19	502.73
328.80	1.6360	1698.71	500.68
328.65	1.6350	1694.18	508.25
328.50	1.6350	1702.41	516.63
328.35	1.6320	1706.22	533.79
328.20	1.6320	1703.75	538.69
328.05	1.6360	1704.32	531.05
327.90	1.6420	1704.79	527.41
327.75	1.6470	1706.03	503.34
327.60	1.6500	1706.51	479.80
327.45	1.6580	1707.18	482.61
327.30	1.6710	1710.05	496.44
327.15	1.6860	1711.78	506.15
327.00	1.7020	1721.64	505.52
326.85	1.7140	1740.72	509.18
326.70	1.7180	1750.11	515.44
326.55	1.7190	1757.28	511.31
326.40	1.7180	1758.80	515.48
326.25	1.7210	1760.53	524.47
326.10	1.7240	1756.27	529.70
325.95	1.7250	1745.60	531.55
325.80	1.7310	1747.41	529.65
325.65	1.7330	1755.56	528.77
325.50	1.7270	1763.48	539.43
325.35	1.7130	1763.38	542.98
325.20	1.7020	1763.68	543.77
325.05	1.7050	1764.09	543.39
324.90	1.7140	1763.68	545.00
324.75	1.7280	1763.79	542.23
324.60	1.7270	1766.34	537.82
324.45	1.7170	1766.34	541.48
324.30	1.7040	1766.24	540.76
324.15	1.6980	1765.32	540.23
324.00	1.6990	1754.35	539.91
323.85	1.6930	1755.76	551.93
323.70	1.6960	1755.25	551.80
323.55	1.6950	1757.18	547.53
323.40	1.7070	1778.71	567.66
323.25	1.7120	1779.23	581.32
323.10	1.7250	1779.02	561.97
322.95	1.7410	1782.87	551.81
322.80	1.7580	1785.38	549.85
322.65	1.7690	1785.69	562.05
322.50	1.7740	1785.59	570.54
322.35	1.7750	1795.16	535.71
322.20	1.7800	1798.02	536.70
322.05	1.7800	1798.65	537.81
321.90	1.7860	1795.69	534.93
321.75	1.7900	1789.47	528.43
321.60	1.7960	1786.43	533.50
321.45	1.7990	1782.56	538.89
321.30	1.7960	1781.62	540.21
321.15	1.7890	1781.21	533.26
321.00	1.7910	1783.08	529.18
320.85	1.7980	1782.87	523.55
320.70	1.8100	1782.46	519.50
320.55	1.8140	1782.35	518.59
320.40	1.8140	1784.23	513.04
320.25	1.8090	1785.38	517.76
320.10	1.8020	1786.84	521.40
319.95	1.7860	1782.46	528.46
319.80	1.7890	1779.44	524.41
319.65	1.7940	1779.75	521.55
319.50	1.8160	1764.20	516.90
319.35	1.8530	1753.64	510.76
319.20	1.8530	1753.94	509.06
319.05	1.8310	1760.73	513.29
318.90	1.7910	1774.26	522.71
318.75	1.7820	1781.52	538.53
318.60	1.8070	1783.39	549.71
318.45	1.8520	1793.26	556.04
318.30	1.8880	1790.83	545.94
318.15	1.8650	1778.61	526.10
318.00	1.8180	1771.06	516.69
317.85	1.7900	1776.22	518.52
317.70	1.7990	1798.12	545.71
317.55	1.8240	1801.10	567.67
317.40	1.8250	1813.31	574.30
317.25	1.8160	1835.92	580.31
317.10	1.8170	1839.80	565.97
316.95	1.8350	1840.14	556.97
316.80	1.8420	1829.31	543.86
316.65	1.8200	1812.99	544.03
316.50	1.7980	1831.95	543.65
316.35	1.7820	1841.47	546.51
316.20	1.7750	1845.04	557.88
316.05	1.7680	1844.70	554.52
315.90	1.7610	1833.82	551.48
315.75	1.7490	1801.84	561.24
315.60	1.7290	1801.10	560.10
315.45	1.7090	1801.74	548.46
315.30	1.6860	1804.72	552.54
315.15	1.6710	1823.08	562.61
315.00	1.6620	1817.75	567.28
314.85	1.6700	1806.44	585.04
314.70	1.6870	1806.65	542.11
314.55	1.7020	1803.98	549.51
314.40	1.7090	1777.57	540.37
314.25	1.7040	1776.33	532.19
314.10	1.7110	1776.74	536.62
313.95	1.7250	1778.50	583.71
313.80	1.7410	1778.82	560.62
313.65	1.7540	1778.82	562.61
313.50	1.7600	1778.82	563.46
313.35	1.7750	1772.09	545.62
313.20	1.7670	1763.48	528.39
313.05	1.8030	1763.07	515.98
312.90	1.8280	1760.63	514.37
312.75	1.8450	1747.41	474.30
312.60	1.8160	1745.50	499.75
312.45	1.8160	1745.60	502.05
312.30	1.8440	1746.50	523.80
312.15	1.9040	1765.93	523.01
312.00	1.8370	1769.62	535.19
311.85	1.7860	1818.62	548.92
311.70	1.7230	1830.52	550.56
311.55	1.7030	1828.54	558.32
311.40	1.6940	1838.47	562.40
311.25	1.6890	1839.36	540.63
311.10	1.6970	1837.81	524.57
310.95	1.7110	1815.69	511.52
310.80	1.7260	1833.27	508.12
310.65	1.7320	1788.84	501.53
310.50	1.7210	1760.02	499.51
310.35	1.6990	1772.09	502.02
310.20	1.6700	1778.19	523.88
310.05	1.6520	1779.44	537.67
309.90	1.6510	1781.31	528.06
309.75	1.6550	1777.99	537.30
309.60	1.6540	1769.01	551.32
309.45	1.6510	1764.09	553.01
309.30	1.6480	1765.52	555.49
309.15	1.6530	1772.20	575.76
309.00	1.6600	1777.05	580.24
308.85	1.6710	1780.37	543.36
308.70	1.6890	1784.75	529.53
308.55	1.7040	1783.29	541.18
308.40	1.7130	1781.73	536.65
308.25	1.7190	1782.14	519.47
308.10	1.7310	1782.25	509.41
307.95	1.7430	1779.13	507.80
307.80	1.7470	1771.99	523.93
307.65	1.7390	1768.60	580.17
307.50	1.7340	1767.26	598.21
307.35	1.7310	1756.57	615.58
307.20	1.7390	1744.31	581.42
307.05	1.7660	1751.02	546.94
306.90	1.7940	1742.11	509.02
306.75	1.7960	1738.63	499.77
306.60	1.7450	1746.60	486.46
306.45	1.7090	1736.36	472.64
306.30	1.6760	1746.20	499.06
306.15	1.6570	1775.19	529.32
306.00	1.6390	1774.05	537.08
305.85	1.6430	1767.78	515.90
305.70	1.6560	1769.83	515.81
305.55	1.6780	1760.73	520.30
305.40	1.6930	1746.30	496.12
305.25	1.6980	1749.21	475.03
305.10	1.6910	1747.41	475.56
304.95	1.6790	1745.60	490.50
304.80	1.6580	1727.21	491.72
304.65	1.6370	1727.89	493.52
304.50	1.6120	1727.40	496.79
304.35	1.6020	1728.58	509.79
304.20	1.6060	1691.64	500.97
304.05	1.6180	1713.32	507.09
303.90	1.6280	1690.80	513.28
303.75	1.6320	1704.60	510.07
303.60	1.6340	1701.27	516.27
303.45	1.6310	1700.99	516.15
303.30	1.6280	1700.80	489.29
303.15	1.6340	1690.80	480.34
303.00	1.6430	1681.56	483.05
302.85	1.6560	1680.45	483.49
302.70	1.6600	1700.04	486.33
302.55	1.6530	1712.36	511.05
302.40	1.6420	1719.02	465.20
302.25	1.6290	1724.08	468.28
302.10	1.6290	1725.64	471.39
301.95	1.6270	1728.58	471.00
301.80	1.6240	1729.46	475.15
301.65	1.6180	1729.17	452.82
301.50	1.6120	1724.66	443.89
301.35	1.6150	1724.27	438.43
301.20	1.6170	1715.44	446.89
301.05	1.6200	1713.71	457.44
300.90	1.6180	1715.25	459.22
300.75	1.6120	1714.09	494.42
300.60	1.6070	1717.67	523.06
300.45	1.5980	1726.72	528.56
300.30	1.5960	1731.42	529.53
300.15	1.6020	1730.05	530.35
300.00	1.6070	1730.54	531.20
